99
Mo S Mo S Mo S 2.4949 2.4266 2.2568 1.9331 1.7677 1.7913 1.9379 1.9293 1.9563 1.9728 1.9728 1.9818 1.9806 1.9548 1.8916 1.7923 1.6687 1.5408 1.4377 1.3958 1.3958 1.5523 1.7951 1.7336 1.5463 1.5782 1.7946 2.1477 2.4029 2.4949 0.0 -0.0416 -0.183 -0.4451 -0.7871 -1.0792 -1.1912 -1.1041 -0.9465 -0.8828 -0.8828 -0.8176 -0.7261 -0.6545 -0.5935 -0.529 -0.453 -0.3686 -0.2942 -0.2615 -0.2615 -0.4037 -0.7001 -0.9471 -1.0605 -0.9413 -0.5871 -0.2492 -0.0562 0.0 
Mo S Mo S Mo Se 1.9154 1.8507 1.7248 1.5005 1.3626 1.3775 1.3732 1.3359 1.3371 1.3431 1.3431 1.3533 1.3586 1.3353 1.2678 1.1609 1.0297 0.8953 0.7872 0.7432 0.7432 0.9159 1.2363 1.3153 1.1437 1.1779 1.3776 1.6508 1.8289 1.9154 -0.3666 -0.4017 -0.508 -0.6576 -0.8507 -1.0239 -0.7705 -0.5826 -0.4751 -0.4414 -0.4414 -0.3917 -0.3272 -0.2826 -0.2457 -0.2026 -0.1469 -0.0823 -0.0249 0.0 0.0 -0.1098 -0.3421 -0.5253 -0.6468 -0.772 -0.711 -0.5473 -0.4136 -0.3666 
Mo S Mo S Mo Te 1.1448292 1.0915292 0.9837292 0.8993292 0.8061292 0.7439292 0.6186292 0.5447292 0.5129292 0.5053292 0.5053292 0.5134292 0.5160292 0.4840292 0.4070292 0.2936292 0.1587292 0.0218292 1.2777292 1.2428292 1.2428292 0.0555292 0.4204292 0.6927292 0.5581292 0.6120292 0.7905292 0.9243292 1.0726292 1.1448292 -0.4016708 -0.4218708 -0.5279708 -0.8258708 -0.5573708 -0.2565708 0.0147292 0.2039292 0.2958292 0.3197292 0.3197292 0.2361292 0.0573292 -0.0961708 -0.1767708 -0.1972708 -0.1786708 -0.1391708 -0.0871708 -0.0813708 -0.0813708 0.0507292 -0.3042708 -0.3237708 -0.2676708 -0.4416708 -0.6263708 -0.4916708 -0.4216708 -0.4016708 
Mo S Mo S W S 1.6944 1.6945 1.6945 1.6944 1.6942 1.6939 1.6938 1.6938 1.6937 1.6937 1.6937 1.6937 1.6938 1.6938 1.6939 1.694 1.6304 1.5006 1.3963 1.3541 1.3541 1.5151 1.6939 1.6935 1.5595 1.587 1.6943 1.6945 1.6945 1.6944 0.0 -0.0376 -0.1664 -0.4107 -0.7469 -1.0739 -1.2324 -1.1506 -0.9902 -0.9206 -0.9206 -0.8574 -0.7553 -0.6466 -0.5497 -0.4499 -0.3379 -0.2173 -0.1121 -0.0663 -0.0663 -0.2488 -0.5863 -0.8334 -0.9393 -0.8469 -0.5354 -0.2267 -0.0508 0.0 
Mo S Mo S W Se 1.6966 1.6328 1.5094 1.2906 1.159 1.1772 1.1574 1.1187 1.1182 1.1235 1.1235 1.1324 1.1401 1.1172 1.0495 0.9421 0.8103 0.6751 0.5661 0.5214 0.5214 0.6969 1.0214 1.1168 0.9456 0.9758 1.17 1.4368 1.6108 1.6966 -0.5173 -0.5411 -0.6125 -0.7407 -0.9543 -1.1791 -0.95 -0.7938 -0.7113 -0.6867 -0.6867 -0.6229 -0.5343 -0.4627 -0.3957 -0.3195 -0.2276 -0.1261 -0.0379 0.0 0.0 -0.1518 -0.4321 -0.6137 -0.7105 -0.8247 -0.7827 -0.6408 -0.5489 -0.5173 
Mo S Mo S W Te 1.5548 1.5026 1.406 1.3703 1.2427 1.0995 1.0317 0.954 0.9189 0.91 0.91 0.9172 0.9214 0.8903 0.8123 0.6973 0.5611 0.4233 0.3122 0.2659 0.2659 0.4541 0.8355 0.947 0.7358 1.014 1.2568 1.3514 1.4849 1.5548 -0.2928 -0.3351 -0.4905 -0.7745 -0.7338 -0.4392 -0.2005 -0.0622 -0.0103 0.0 0.0 -0.0933 -0.2814 -0.4245 -0.4808 -0.4703 -0.4161 -0.3392 -0.2678 -0.2366 -0.2366 -0.3602 -0.55 -0.552 -0.4493 -0.6011 -0.8266 -0.5448 -0.3494 -0.2928 
Mo S Mo Se Mo S 1.9241 1.8614 1.7565 1.572 1.4194 1.4246 1.3879 1.3489 1.3486 1.354 1.354 1.3623 1.3724 1.3525 1.2847 1.1759 1.0426 0.9064 0.7972 0.7526 0.7526 0.9297 1.2673 1.3557 1.1781 1.2222 1.4435 1.6985 1.8408 1.9241 -0.3426 -0.3719 -0.4681 -0.6319 -0.8425 -1.0264 -0.7728 -0.5844 -0.4766 -0.4427 -0.4427 -0.3932 -0.3287 -0.2839 -0.2466 -0.2032 -0.1472 -0.0824 -0.0249 0.0 0.0 -0.1099 -0.3423 -0.5255 -0.6469 -0.7693 -0.6961 -0.51 -0.382 -0.3426 
Mo S Mo Se Mo Se 1.816 1.7577 1.6602 1.5881 1.4658 1.4055 1.2878 1.2238 1.2009 1.1971 1.1971 1.2052 1.213 1.1873 1.1133 1.0001 0.8642 0.7263 0.6155 0.5699 0.5699 0.7533 1.1233 1.3796 1.2198 1.2615 1.469 1.6064 1.7389 1.816 -0.1934 -0.218 -0.3028 -0.4769 -0.7289 -0.957 -0.9141 -0.72 -0.6031 -0.565 -0.565 -0.4731 -0.3779 -0.3143 -0.2647 -0.2135 -0.1527 -0.0851 -0.0258 0.0 0.0 -0.1135 -0.3541 -0.5531 -0.683 -0.7393 -0.5569 -0.3416 -0.2265 -0.1934 
Mo S Mo Se Mo Te 1.05999704 1.00809704 0.91979704 0.92919704 0.86179704 0.68209704 0.53909704 0.44269704 0.39089704 0.37519704 0.37519704 0.37949704 0.37529704 0.33469704 0.25119704 0.13499704 -0.00010296 0.81809704 0.73409704 0.69939704 0.69939704 0.83649704 1.05569704 0.60589704 0.57569704 0.64189704 0.83369704 0.86879704 0.99059704 1.05999704 -0.51100296 -0.50430296 -0.55980296 -0.79360296 -0.68150296 -0.39730296 -0.13570296 0.05649704 0.15909704 0.18859704 0.18859704 0.12519704 -0.00790296 -0.11810296 -0.17260296 -0.18060296 -0.15640296 -0.11430296 -0.07300296 -0.05450296 -0.05450296 -0.10420296 0.28039704 -0.33240296 -0.32530296 -0.51380296 -0.63520296 -0.52440296 -0.49770296 -0.51100296 
Mo S Mo Se W S 1.6994 1.6379 1.5137 1.2935 1.1605 1.1779 1.1598 1.1213 1.1211 1.1264 1.1264 1.1357 1.1427 1.1195 1.0517 0.9445 0.8129 0.6779 0.569 0.5244 0.5244 0.6995 1.023 1.1156 0.9452 0.9767 1.1721 1.4409 1.6171 1.6994 -0.5063 -0.5315 -0.6066 -0.738 -0.953 -1.1814 -0.9523 -0.796 -0.7135 -0.6889 -0.6889 -0.6244 -0.535 -0.463 -0.3958 -0.3195 -0.2276 -0.1261 -0.0379 0.0 0.0 -0.1522 -0.433 -0.6147 -0.7115 -0.8249 -0.7808 -0.636 -0.5398 -0.5063 
Mo S Mo Se W Se 1.6088 1.5503 1.453 1.3861 1.2684 1.2001 1.0817 1.0167 0.9929 0.9887 0.9887 0.9968 1.0044 0.9783 0.904 0.7906 0.6546 0.5167 0.4058 0.3602 0.3602 0.5438 0.9149 1.1823 1.0234 1.0631 1.2681 1.3989 1.5307 1.6088 -0.3373 -0.3571 -0.432 -0.5982 -0.8542 -1.1175 -1.106 -0.9323 -0.82 -0.7829 -0.7829 -0.6843 -0.5741 -0.4851 -0.4073 -0.3253 -0.2308 -0.128 -0.0386 0.0 0.0 -0.1543 -0.4381 -0.6335 -0.744 -0.8097 -0.6692 -0.4679 -0.3642 -0.3373 
Mo S Mo Se W Te 0.98226186 0.93016186 0.84226186 0.85206186 0.78526186 0.60506186 0.46116186 0.36346186 0.31056186 0.29446186 0.29446186 0.29846186 0.29366186 0.25236186 0.16866186 0.05246186 -0.08233814 -0.09023814 -0.01733814 0.01446186 0.01446186 -0.11073814 0.19786186 0.52276186 0.49976186 0.56776186 0.75806186 0.79166186 0.91266186 0.98226186 -0.33893814 -0.37583814 -0.52663814 -0.84633814 -0.65033814 -0.36963814 -0.13363814 0.01566186 0.08176186 0.09806186 0.09806186 0.02606186 -0.11573814 -0.21743814 -0.25003814 -0.22853814 -0.16933814 -0.21783814 -0.32713814 -0.37283814 -0.37283814 -0.18613814 -0.30463814 -0.33193814 -0.28273814 -0.45773814 -0.67993814 -0.49423814 -0.37873814 -0.33893814 
Mo S Mo Te Mo S -0.41913105 -0.42823105 1.00736895 1.00346895 0.89186895 0.75936895 0.63256895 0.55656895 0.52286895 0.51456895 0.51456895 0.52146895 0.52566895 0.49516895 0.41776895 0.30306895 0.16686895 0.02916895 1.24926895 1.21466895 1.21466895 0.05766895 0.43216895 0.69606895 0.56416895 0.65786895 0.88146895 0.95606895 1.08106895 -0.41913105 -0.41913105 -0.48553105 -0.52203105 -0.81883105 -0.56703105 -0.26633105 0.00566895 0.19596895 0.28906895 0.31356895 0.31356895 0.22916895 0.04816895 -0.10763105 -0.18923105 -0.20993105 -0.19103105 -0.15133105 -0.08093105 -0.09333105 -0.09333105 0.05716895 -0.31373105 -0.33213105 -0.27603105 -0.44763105 -0.62763105 -0.48643105 -0.42713105 -0.41913105 
Mo S Mo Te Mo Se 1.07473779 1.02213779 0.93713779 0.95383779 0.87873779 0.69913779 0.55623779 0.45973779 0.40783779 0.39203779 0.39203779 0.39593779 0.39123779 0.35033779 0.26693779 0.15083779 0.01603779 0.81503779 0.73103779 0.69663779 0.69663779 0.83233779 1.06583779 0.61333779 0.58373779 0.66263779 0.86783779 0.88923779 1.00463779 1.07473779 -0.53036221 -0.51576221 -0.56426221 -0.80116221 -0.69206221 -0.40766221 -0.14506221 0.04873779 0.15303779 0.18323779 0.18323779 0.11923779 -0.01566221 -0.12776221 -0.18326221 -0.19156221 -0.16726221 -0.11816221 -0.08346221 -0.06516221 -0.06516221 -0.08996221 0.29053779 -0.33936221 -0.33336221 -0.52106221 -0.64026221 -0.52746221 -0.50926221 -0.53036221 
Mo S Mo Te Mo Te 1.30898909 1.26038909 1.18148909 1.19678909 1.14738909 0.95538909 0.79158909 0.66898909 0.59418909 0.56908909 0.56908909 0.56508909 0.54118909 0.48398909 0.39438909 0.27988909 0.15088909 0.02258909 1.19208909 1.17338909 1.17338909 1.22728909 0.42098909 0.73938909 0.78538909 0.95828909 1.11778909 1.13778909 1.24478909 1.30898909 -0.32611091 -0.37581091 -0.52191091 -0.68041091 -0.84251091 -0.58061091 -0.33161091 -0.13541091 -0.01781091 0.01978909 0.01978909 -0.01491091 -0.08401091 -0.13611091 -0.15591091 -0.14621091 -0.11301091 -0.06621091 -0.02211091 -0.00271091 -0.00271091 0.05188909 -0.24831091 -0.33191091 -0.38391091 -0.56321091 -0.56741091 -0.50881091 -0.39231091 -0.32611091 
Mo S Mo Te W S 0.2672196 0.1102196 0.4324196 0.2544196 -0.1640804 -0.2130804 0.0853196 -0.0024804 -0.1046804 -0.1392804 -0.1392804 -0.1350804 -0.1213804 -0.0222804 -0.0527804 -0.0028804 0.0691196 0.1297196 0.1807196 0.2017196 0.2017196 0.1232196 0.0201196 0.4159196 0.7700196 0.8541196 0.5572196 0.4776196 0.1052196 -0.0891804 -0.0891804 -0.3701804 -0.1826804 -0.6157804 -0.5303804 -0.5695804 -0.9228804 -1.0442804 -0.9655804 -0.8996804 -0.8996804 -0.9387804 -1.0053804 -0.0967804 -0.1321804 -0.1691804 -0.1293804 -0.1309804 -0.0961804 -0.0800804 -0.0800804 -0.1522804 -0.1350804 -0.1372804 -0.0899804 0.1219196 0.1655196 -0.3075804 -0.3698804 -0.3550804 
Mo S Mo Te W Se -0.52884685 -0.50524685 0.93505315 0.95165315 0.87655315 0.69665315 0.55345315 0.45675315 0.40465315 0.38885315 0.38885315 0.39275315 0.38795315 0.34695315 0.26355315 0.14735315 0.01245315 1.16325315 1.03215315 0.97835315 0.97835315 1.17975315 1.16875315 0.61075315 0.58285315 0.66105315 0.86545315 0.88745315 1.00345315 -0.52884685 -0.52884685 -0.59374685 -0.55294685 -0.78614685 -0.69084685 -0.40644685 -0.14384685 0.04995315 0.15425315 0.18445315 0.18445315 0.12055315 -0.01404685 -0.12564685 -0.18084685 -0.18894685 -0.16444685 -0.11954685 -0.08044685 -0.06194685 -0.06194685 -0.09354685 0.28755315 -0.33744685 -0.33164685 -0.52024685 -0.64014685 -0.52274685 -0.49904685 -0.52884685 
Mo S W S Mo S 1.6409 1.641 1.641 1.6409 1.6406 1.6404 1.6403 1.6402 1.6402 1.6402 1.6402 1.6402 1.6402 1.6403 1.6404 1.6404 1.581 1.4488 1.343 1.3 1.3 1.4672 1.6404 1.6399 1.5612 1.5843 1.6408 1.641 1.641 1.6409 0.0 -0.0408 -0.1803 -0.4418 -0.7923 -1.1224 -1.2842 -1.2126 -1.0512 -0.9744 -0.9744 -0.9118 -0.8063 -0.6991 -0.6025 -0.503 -0.3912 -0.2709 -0.1659 -0.1201 -0.1201 -0.3024 -0.6396 -0.8866 -0.9923 -0.8973 -0.5738 -0.245 -0.0551 0.0 
Mo S W S Mo Se 1.1826 1.1826 1.1826 1.1824 1.182 1.1818 1.1816 1.1816 1.1816 1.1816 1.1816 1.1816 1.1816 1.1817 1.1817 1.1564 1.023 0.8867 0.7774 0.7327 0.7327 0.9102 1.1817 1.1814 1.1806 1.1814 1.1822 1.1825 1.1826 1.1826 -0.2657 -0.3068 -0.4421 -0.6485 -0.8509 -1.0247 -0.7712 -0.5832 -0.4756 -0.4418 -0.4418 -0.392 -0.3273 -0.2827 -0.2457 -0.2026 -0.1469 -0.0822 -0.0249 0.0 0.0 -0.1098 -0.3422 -0.5254 -0.6469 -0.7721 -0.71 -0.4989 -0.3209 -0.2657 
Mo S W S Mo Te 1.12774479 1.08374479 0.98474479 0.93894479 0.84794479 0.73484479 0.25844479 0.25844479 0.25854479 0.25854479 0.25854479 0.25854479 0.25854479 0.25854479 0.25854479 0.25854479 0.14664479 0.00824479 0.05894479 -0.00785521 -0.00785521 0.04294479 0.25844479 0.25824479 0.25804479 0.25854479 0.25924479 0.25974479 0.26014479 0.26024479 0.26024479 0.26014479 0.25984479 0.25944479 0.25894479 0.25864479 -0.15775521 0.02864479 0.11804479 0.14094479 0.14094479 0.05904479 -0.11535521 -0.26385521 -0.34105521 -0.35995521 -0.34075521 -0.30125521 -0.10365521 -0.15085521 -0.15085521 -0.32535521 -0.47255521 -0.49405521 -0.43715521 -0.61145521 -0.78595521 -0.64775521 -0.57305521 -0.55285521 
Mo S W S W S 1.6081 1.6081 1.6082 1.6081 1.6078 1.6075 1.6074 1.6074 1.6073 1.6073 1.6073 1.6073 1.6074 1.6075 1.6075 1.6076 1.551 1.419 1.3134 1.2705 1.2705 1.4374 1.6075 1.6071 1.5515 1.5748 1.6079 1.6081 1.6081 1.6081 0.0 -0.0416 -0.1836 -0.4506 -0.8097 -1.1446 -1.3165 -1.2477 -1.084 -1.0052 -1.0052 -0.943 -0.8319 -0.7198 -0.6213 -0.521 -0.4094 -0.2899 -0.1856 -0.14 -0.14 -0.3231 -0.6641 -0.9149 -1.0206 -0.9202 -0.5857 -0.2497 -0.0561 0.0 
Mo S W S W Se 0.9667 0.9667 0.9667 0.9665 0.9661 0.9659 0.9658 0.9657 0.9657 0.9657 0.9657 0.9657 0.9658 0.9658 0.9659 0.937 0.8033 0.6667 0.5572 0.5124 0.5124 0.6905 0.9658 0.9655 0.9649 0.9656 0.9663 0.9666 0.9667 0.9667 -0.4438 -0.4793 -0.5868 -0.7391 -0.9547 -1.1801 -0.9508 -0.7945 -0.7119 -0.6872 -0.6872 -0.6233 -0.5346 -0.4629 -0.3959 -0.3196 -0.2277 -0.1261 -0.0379 0.0 0.0 -0.1519 -0.4324 -0.614 -0.7109 -0.8251 -0.7831 -0.6262 -0.4913 -0.4438 
Mo S W Se Mo S 1.7027 1.6408 1.5354 1.3624 1.2322 1.2494 1.1688 1.1285 1.1271 1.132 1.132 1.1403 1.1506 1.1306 1.0625 0.9533 0.8197 0.6833 0.5739 0.5292 0.5292 0.7069 1.0491 1.1854 1.0056 1.0367 1.2419 1.4773 1.6194 1.7027 -0.481 -0.5038 -0.5803 -0.7256 -0.9501 -1.1795 -0.9502 -0.7937 -0.7111 -0.6864 -0.6864 -0.6231 -0.5348 -0.4632 -0.3962 -0.3198 -0.2278 -0.1262 -0.0379 0.0 0.0 -0.1518 -0.432 -0.6134 -0.7102 -0.8232 -0.774 -0.6137 -0.5116 -0.481 
Mo S W Se Mo Se 1.6155 1.5565 1.4591 1.3944 1.286 1.2052 1.087 1.0224 0.999 0.9949 0.9949 1.003 1.0108 0.9849 0.9108 0.7974 0.6613 0.5232 0.4124 0.3667 0.3667 0.5503 0.9217 1.1991 1.0383 1.0758 1.2789 1.4054 1.5376 1.6155 -0.3001 -0.3243 -0.411 -0.5894 -0.8525 -1.1176 -1.1013 -0.923 -0.8097 -0.7726 -0.7726 -0.6758 -0.5706 -0.4841 -0.407 -0.3251 -0.2307 -0.128 -0.0386 0.0 0.0 -0.1542 -0.4378 -0.6328 -0.7432 -0.809 -0.6643 -0.451 -0.3329 -0.3001 
Mo S W Se Mo Te 1.06204779 1.00984779 0.92244779 0.93474779 0.86724779 0.68634779 0.54184779 0.44364779 0.39034779 0.37404779 0.37404779 0.37864779 0.37514779 0.33524779 0.25234779 0.13634779 0.00154779 1.16984779 1.03944779 0.98644779 0.98644779 1.18274779 1.18424779 0.59524779 0.57804779 0.64974779 0.84944779 0.87624779 0.99374779 1.06204779 -0.51435221 -0.49445221 -0.55375221 -0.78635221 -0.67535221 -0.39185221 -0.13095221 0.06064779 0.16294779 0.19234779 0.19234779 0.12754779 -0.00895221 -0.12205221 -0.17765221 -0.18525221 -0.16015221 -0.11705221 -0.07525221 -0.05695221 -0.05695221 -0.10675221 0.27304779 -0.32975221 -0.32245221 -0.50905221 -0.64925221 -0.53095221 -0.49295221 -0.51435221 
Mo S W Se W S 0.9765 0.9766 0.9766 0.9764 0.976 0.9758 0.9756 0.9756 0.9756 0.9756 0.9756 0.9756 0.9757 0.9757 0.9757 0.9582 0.8247 0.6883 0.579 0.5343 0.5343 0.712 0.9757 0.9754 0.9751 0.9756 0.9762 0.9765 0.9766 0.9765 -0.418 -0.4489 -0.5488 -0.7167 -0.9484 -1.18 -0.9508 -0.7945 -0.7119 -0.6873 -0.6873 -0.624 -0.5356 -0.4638 -0.3965 -0.3199 -0.2278 -0.1262 -0.0379 0.0 0.0 -0.1519 -0.4323 -0.614 -0.7111 -0.8237 -0.7704 -0.5906 -0.4595 -0.418 
Mo S W Se W Se 1.5874 1.5306 1.4331 1.3711 1.2646 1.1792 1.0603 0.9949 0.9708 0.9664 0.9664 0.9744 0.9821 0.956 0.8817 0.7683 0.6323 0.4943 0.3835 0.3379 0.3379 0.5215 0.8935 1.1755 1.0162 1.0539 1.2564 1.3799 1.5123 1.5874 -0.2839 -0.3071 -0.3929 -0.5746 -0.8479 -1.1211 -1.1195 -0.9542 -0.8614 -0.8323 -0.8323 -0.7127 -0.5847 -0.4896 -0.4086 -0.3248 -0.2299 -0.1275 -0.0385 0.0 0.0 -0.1556 -0.4441 -0.6444 -0.7547 -0.811 -0.6532 -0.4334 -0.3154 -0.2839 
Mo S W Se W Te 0.9743002 0.9225002 0.8342002 0.8459002 0.7776002 0.5974002 0.4535002 0.3560002 0.3032002 0.2872002 0.2872002 0.2913002 0.2865002 0.2453002 0.1616002 0.0453002 -0.0896998 -0.0897998 -0.0168998 0.0150002 0.0150002 -0.1105998 0.1919002 0.5179002 0.4965002 0.5647002 0.7543002 0.7833002 0.9049002 0.9743002 -0.3375998 -0.3750998 -0.5262998 -0.8377998 -0.6513998 -0.3700998 -0.1333998 0.0164002 0.0828002 0.0992002 0.0992002 0.0271002 -0.1147998 -0.2166998 -0.2494998 -0.2280998 -0.1689998 -0.2253998 -0.3348998 -0.3807998 -0.3807998 -0.1931998 -0.3052998 -0.3324998 -0.2830998 -0.4599998 -0.6838998 -0.4965998 -0.3781998 -0.3375998 
Mo S W Te Mo S 1.1278184 1.0763184 0.9843184 0.9859184 0.8751184 0.7324184 0.6054184 0.5291184 0.4950184 0.4865184 0.4865184 0.4934184 0.4976184 0.4670184 0.3895184 0.2748184 0.1388184 0.0012184 -0.0296816 0.0014184 0.0014184 0.0322184 0.4112184 0.7044184 0.5679184 0.6407184 0.8611184 0.9311184 1.0587184 1.1278184 -0.1766816 -0.2260816 -0.4174816 -0.7722816 -0.4837816 -0.1881816 0.0513184 0.1900184 0.2421184 0.2526184 0.2526184 0.1565184 -0.0375816 -0.1858816 -0.2444816 -0.2341816 -0.1794816 -0.1020816 -0.1084816 -0.1546816 -0.1546816 -0.1233816 -0.3112816 -0.3098816 -0.2072816 -0.3613816 -0.6167816 -0.3864816 -0.2319816 -0.1766816 
Mo S W Te Mo Se 0.75002063 0.71432063 0.59162063 0.36192063 0.13342063 0.27542063 0.28122063 0.06152063 0.08062063 0.08962063 0.08962063 0.08812063 0.08362063 0.00862063 0.06072063 0.04612063 0.02502063 0.06042063 0.13152063 0.16382063 0.16382063 0.02732063 0.02242063 -0.04357937 0.07552063 0.11402063 0.14962063 0.15792063 0.15972063 0.15982063 0.15982063 0.15982063 0.15872063 0.15332063 0.05962063 0.08252063 0.05222063 0.03422063 -0.14337937 -0.13437937 -0.13437937 -0.13797937 -0.10057937 -0.14137937 -0.12177937 -0.08037937 -0.01787937 -0.00617937 0.00762063 -0.01527937 -0.01527937 -0.00867937 -0.23117937 -0.41137937 -0.09217937 -0.12247937 -0.56887937 -0.65597937 -0.87207937 -1.07087937 
Mo S W Te Mo Te 1.5802 1.5317 1.4521 1.461 1.0349 0.8474 0.8899 0.9514 0.8787 0.8545 0.8545 0.85 0.8256 0.7681 0.6785 0.5641 0.4352 0.3071 0.2039 0.1609 0.1609 0.3361 0.7039 0.6845 0.5632 0.8075 1.2979 1.4082 1.5162 1.5802 -0.0686 -0.1219 -0.29 -0.5692 -0.8974 -0.6591 -0.427 -0.2627 -0.1757 -0.1502 -0.1502 -0.1874 -0.2543 -0.2929 -0.2911 -0.2542 -0.189 -0.1075 -0.0327 0.0 0.0 -0.1273 -0.3291 -0.3958 -0.414 -0.5874 -0.6967 -0.363 -0.14 -0.0686 
Mo S W Te W Se 0.5850666 0.5513666 0.4370666 0.2382666 0.3114666 0.5349666 0.4143666 0.3596666 0.4015666 0.4283666 0.4283666 0.4397666 0.4383666 0.2869666 0.3634666 0.3593666 0.3422666 0.3283666 0.3123666 0.3008666 0.3008666 0.3512666 0.5258666 0.3765666 0.8633666 0.4419666 0.2670666 0.3968666 0.5417666 0.5850666 -0.1970334 -0.1566334 -0.1416334 0.0622666 -0.0200334 -0.3144334 -0.2077334 0.0125666 0.0894666 0.0945666 0.0945666 0.1010666 0.1073666 0.0672666 0.0540666 0.1341666 -0.2508334 -0.4192334 -0.4583334 -0.4553334 -0.4553334 -0.4783334 -0.2991334 -0.3919334 -0.1640334 -0.0585334 0.1789666 -0.0655334 -0.1460334 -0.1970334 
Mo S W Te W Te 1.3903 1.3432 1.2648 1.2787 1.236 1.0454 0.883 0.7615 0.6875 0.6628 0.6628 0.6572 0.6303 0.5709 0.4802 0.3653 0.2363 0.1081 0.0049 0.0331 0.0331 0.137 0.5053 0.8245 0.8455 1.0448 1.1998 1.2218 1.3281 1.3903 -0.2364 -0.2885 -0.4532 -0.7079 -0.9006 -0.641 -0.4108 -0.2479 -0.1617 -0.1365 -0.1365 -0.1715 -0.2333 -0.2673 -0.2623 -0.2235 -0.1572 -0.075 0.0 -0.0382 -0.0382 -0.0953 -0.2997 -0.3697 -0.3891 -0.5592 -0.6816 -0.5172 -0.3061 -0.2364 
Mo Se Mo S Mo Se 1.8332 1.777 1.6819 1.6031 1.4652 1.4233 1.3058 1.2421 1.2194 1.2157 1.2157 1.2236 1.2312 1.2054 1.1315 1.0184 0.8825 0.7446 0.6338 0.5882 0.5882 0.7715 1.1396 1.3767 1.2195 1.264 1.4779 1.6275 1.7588 1.8332 -0.2153 -0.252 -0.3679 -0.5447 -0.7525 -0.9638 -0.9045 -0.7128 -0.598 -0.5608 -0.5608 -0.4658 -0.3716 -0.3104 -0.2631 -0.2134 -0.1532 -0.0854 -0.0259 0.0 0.0 -0.1131 -0.3505 -0.5451 -0.6754 -0.7473 -0.6118 -0.416 -0.2646 -0.2153 
Mo Se Mo S Mo Te 1.0796986 1.0288986 0.9481986 0.9587986 0.8822986 0.7029986 0.5606986 0.4649986 0.4137986 0.3982986 0.3982986 0.4019986 0.3970986 0.3563986 0.2731986 0.1570986 0.0222986 0.8250986 0.7408986 0.7063986 0.7063986 0.8432986 1.0797986 0.6174986 0.5756986 0.6552986 0.8615986 0.9003986 1.0123986 1.0796986 -0.5345014 -0.5334014 -0.6054014 -0.8565014 -0.6962014 -0.4117014 -0.1491014 0.0445986 0.1487986 0.1788986 0.1788986 0.1153986 -0.0186014 -0.1302014 -0.1858014 -0.1945014 -0.1705014 -0.1125014 -0.0870014 -0.0687014 -0.0687014 -0.0838014 0.2957986 -0.3435014 -0.3378014 -0.5291014 -0.6685014 -0.5662014 -0.5305014 -0.5345014 
Mo Se Mo S W S 1.1869 1.1869 1.1869 1.1867 1.1864 1.1861 1.186 1.186 1.186 1.186 1.186 1.186 1.186 1.1861 1.1861 1.1679 1.0346 0.8983 0.7891 0.7444 0.7444 0.9215 1.1861 1.1858 1.1823 1.1858 1.1866 1.1869 1.1869 1.1869 -0.2938 -0.3375 -0.4783 -0.653 -0.8482 -1.027 -0.7736 -0.5854 -0.4776 -0.4438 -0.4438 -0.3934 -0.3283 -0.2833 -0.2461 -0.2029 -0.147 -0.0823 -0.0249 0.0 0.0 -0.1098 -0.3422 -0.5256 -0.6472 -0.7711 -0.7075 -0.5326 -0.3525 -0.2938 
Mo Se Mo S W Se 1.614 1.5571 1.4629 1.3926 1.2603 1.2042 1.0862 1.0218 0.9985 0.9945 0.9945 1.0024 1.0098 0.9838 0.9097 0.7964 0.6604 0.5225 0.4117 0.3661 0.3661 0.5494 0.9184 1.167 1.0099 1.054 1.2672 1.4087 1.5386 1.614 -0.3523 -0.3833 -0.4755 -0.63 -0.866 -1.1245 -1.1048 -0.9403 -0.8249 -0.7874 -0.7874 -0.69 -0.5796 -0.488 -0.4094 -0.3268 -0.2317 -0.1285 -0.0388 0.0 0.0 -0.1547 -0.4383 -0.633 -0.7435 -0.8135 -0.6933 -0.5124 -0.3937 -0.3523 
Mo Se Mo S W Te 1.04839262 0.99979262 0.90549262 0.66469262 0.47709262 0.44979262 0.51339262 0.42049262 0.37989262 0.37019262 0.37019262 0.38099262 0.37689262 0.33719262 0.25529262 0.14019262 0.00609262 -0.03120738 -0.01770738 -0.05280738 -0.05280738 -0.05070738 0.27899262 0.38509262 0.23419262 0.30799262 0.53589262 0.83819262 0.98299262 1.04839262 -0.27820738 -0.32420738 -0.49970738 -0.85950738 -0.59290738 -0.31730738 -0.08870738 0.05279262 0.11359262 0.12809262 0.12809262 0.05849262 -0.07720738 -0.17190738 -0.19930738 -0.17410738 -0.11240738 -0.12920738 -0.23800738 -0.28360738 -0.28360738 -0.09830738 -0.24820738 -0.27870738 -0.23080738 -0.40610738 -0.65910738 -0.46540738 -0.32940738 -0.27820738 
Mo Se Mo Se Mo Se 2.7941 2.6637 2.3468 1.9251 1.6859 1.6579 1.7747 1.8629 1.8382 1.8352 1.8352 1.8451 1.848 1.8335 1.7901 1.7177 1.6252 1.5281 1.45 1.4193 1.4193 1.5349 1.7034 1.5924 1.4342 1.5083 1.7681 2.2084 2.6202 2.7941 -0.0229 -0.0514 -0.1531 -0.3547 -0.6283 -0.8655 -0.9577 -0.8435 -0.72 -0.6787 -0.6787 -0.5193 -0.4077 -0.3344 -0.278 -0.2219 -0.1579 -0.0879 -0.0267 0.0 0.0 -0.1166 -0.3613 -0.5684 -0.6972 -0.6959 -0.4583 -0.2017 -0.0614 -0.0229 
Mo Se Mo Se Mo Te 1.9285 1.8104 1.56 1.2768 1.0825 1.0316 1.0972 1.0073 0.9525 0.9368 0.9368 0.9482 0.9603 0.9479 0.8988 0.8168 0.7145 0.6083 0.5219 0.4862 0.4862 0.6271 0.8926 0.9205 0.7979 0.9131 1.1413 1.4558 1.7724 1.9285 -0.509 -0.5332 -0.6145 -0.8133 -0.8669 -0.5981 -0.3449 -0.1492 -0.0354 0.0 0.0 -0.0433 -0.1312 -0.2003 -0.2306 -0.2266 -0.1965 -0.1512 -0.108 -0.0888 -0.0888 -0.172 -0.3295 -0.4018 -0.4398 -0.6338 -0.7061 -0.6088 -0.5404 -0.509 
Mo Se Mo Se W S 1.1207 1.1207 1.1206 1.1203 1.1199 1.1195 1.1194 1.1194 1.1194 1.1194 1.1194 1.1194 1.1195 1.1195 1.1195 1.1195 1.1195 1.116 0.9674 0.9022 0.9022 1.1185 1.1194 1.1192 1.119 1.1194 1.1201 1.1205 1.1207 1.1207 -0.1636 -0.2 -0.3082 -0.4858 -0.7333 -0.9598 -0.9099 -0.7162 -0.5997 -0.5618 -0.5618 -0.4711 -0.3765 -0.3134 -0.2641 -0.2131 -0.1525 -0.085 -0.0257 0.0 0.0 -0.1133 -0.3536 -0.5522 -0.682 -0.7408 -0.5648 -0.3511 -0.2122 -0.1636 
Mo Se Mo Se W Se 1.7899 1.7899 1.79 1.7417 1.5083 1.4823 1.5971 1.6595 1.6339 1.6306 1.6306 1.6401 1.6456 1.6334 1.5903 1.517 1.4231 1.3249 1.2457 1.2145 1.2145 1.3339 1.5156 1.4166 1.2577 1.3316 1.588 1.79 1.7899 1.7899 -0.1739 -0.2015 -0.2996 -0.4932 -0.7652 -1.0339 -1.1654 -1.052 -0.9296 -0.8886 -0.8886 -0.7275 -0.603 -0.5017 -0.4163 -0.3301 -0.2337 -0.1299 -0.0394 0.0 0.0 -0.1566 -0.4415 -0.6451 -0.7592 -0.7768 -0.5821 -0.3456 -0.2112 -0.1739 
Mo Se Mo Se W Te 1.8501 1.7321 1.4841 1.2052 1.0156 0.9762 1.0387 0.9292 0.873 0.8566 0.8566 0.8676 0.8806 0.8684 0.8189 0.7365 0.6335 0.5267 0.4399 0.404 0.404 0.5464 0.8169 0.8904 0.7635 0.8515 1.0702 1.3806 1.6945 1.8501 -0.5309 -0.5283 -0.6258 -0.838 -0.8471 -0.5806 -0.3482 -0.1892 -0.1093 -0.0869 -0.0869 -0.1344 -0.2227 -0.2787 -0.2861 -0.2531 -0.1891 -0.1075 -0.0327 0.0 0.0 -0.127 -0.327 -0.3828 -0.3842 -0.5686 -0.7589 -0.6095 -0.5288 -0.5309 
Mo Se Mo Te Mo Se 1.9312 1.8144 1.5873 1.3682 1.1484 1.0558 1.1178 1.0153 0.9583 0.9419 0.9419 0.9517 0.9676 0.9594 0.9099 0.8258 0.7212 0.6134 0.5262 0.4903 0.4903 0.6352 0.9147 0.9106 0.7884 0.9538 1.2404 1.4988 1.779 1.9312 -0.5828 -0.6004 -0.6189 -0.819 -0.8647 -0.5961 -0.3433 -0.1482 -0.0351 0.0 0.0 -0.044 -0.1333 -0.2033 -0.2338 -0.2296 -0.1993 -0.154 -0.1107 -0.0916 -0.0916 -0.1747 -0.3318 -0.4034 -0.4403 -0.6315 -0.692 -0.5929 -0.5919 -0.5828 
Mo Se Mo Te Mo Te 1.83 1.7246 1.5234 1.4266 1.2637 1.1725 1.0555 0.9202 0.8402 0.814 0.814 0.8221 0.8309 0.8113 0.7529 0.664 0.5574 0.4488 0.3606 0.3239 0.3239 0.4737 0.7837 1.0173 0.9238 1.0798 1.3103 1.4434 1.6925 1.83 -0.3439 -0.3669 -0.4024 -0.5159 -0.7425 -0.7434 -0.4994 -0.2984 -0.17 -0.1267 -0.1267 -0.1403 -0.1652 -0.1801 -0.1776 -0.156 -0.1169 -0.0668 -0.0205 0.0 0.0 -0.0892 -0.2633 -0.3744 -0.4519 -0.58 -0.4767 -0.393 -0.3735 -0.3439 
Mo Se Mo Te W Se 1.1998 1.1999 1.2 1.1998 1.1699 1.0834 1.1236 1.0129 0.9563 0.94 0.94 0.9498 0.9658 0.9576 0.9084 0.8245 0.7199 0.612 0.5249 0.489 0.489 0.6339 0.9187 0.9422 0.8166 0.981 1.1996 1.1999 1.1999 1.1998 -0.5072 -0.5252 -0.5919 -0.799 -0.8656 -0.5966 -0.3434 -0.1482 -0.0351 0.0 0.0 -0.0444 -0.1345 -0.2052 -0.236 -0.232 -0.2017 -0.1563 -0.113 -0.0938 -0.0938 -0.177 -0.3343 -0.4056 -0.4417 -0.6335 -0.6961 -0.5854 -0.5303 -0.5072 
Mo Se Mo Te W Te 1.6814 1.5755 1.375 1.2783 1.122 1.0376 0.9075 0.7719 0.6915 0.6652 0.6652 0.6732 0.6817 0.6618 0.6032 0.5143 0.4078 0.2991 0.211 0.1743 0.1743 0.3243 0.6345 0.8884 0.8002 0.9399 1.163 1.2947 1.5428 1.6814 -0.4586 -0.4691 -0.4937 -0.6177 -0.8443 -0.846 -0.619 -0.4418 -0.3272 -0.2878 -0.2878 -0.2984 -0.3149 -0.3178 -0.2992 -0.2567 -0.1909 -0.1094 -0.0338 0.0 0.0 -0.131 -0.342 -0.4393 -0.4937 -0.6368 -0.6006 -0.493 -0.4708 -0.4586 
Mo Se W S Mo Se 1.1379 1.1379 1.1377 1.1374 1.137 1.1367 1.1366 1.1365 1.1366 1.1366 1.1366 1.1366 1.1366 1.1366 1.1367 1.1366 1.1366 1.1332 0.9848 0.9197 0.9197 1.1356 1.1365 1.1363 1.1361 1.1365 1.1372 1.1377 1.1379 1.1379 -0.0989 -0.1456 -0.2966 -0.5303 -0.7546 -0.9658 -0.9022 -0.7105 -0.5957 -0.5585 -0.5585 -0.4648 -0.3711 -0.3102 -0.2631 -0.2133 -0.1531 -0.0854 -0.0258 0.0 0.0 -0.1131 -0.3507 -0.5451 -0.6751 -0.7479 -0.6143 -0.361 -0.1617 -0.0989 
Mo Se W S Mo Te 1.19943718 1.15813718 1.10393718 1.08063718 0.95233718 0.92753718 0.86583718 0.23343718 0.23353718 0.23353718 0.23353718 0.23353718 0.23353718 0.23343718 0.23343718 0.23313718 0.22463718 0.04913718 -0.10176282 0.23403718 0.23403718 0.08243718 0.23313718 0.23323718 0.23313718 0.23353718 0.23423718 0.23493718 0.23553718 0.23563718 0.23563718 0.23553718 0.23513718 0.23453718 0.23393718 0.23353718 0.23343718 -0.07716282 0.02673718 0.05663718 0.05663718 -0.00806282 -0.14446282 -0.25836282 -0.31546282 -0.32496282 -0.30126282 -0.25936282 -0.21806282 -0.16486282 -0.16486282 -0.27976282 -0.42866282 -0.47296282 -0.46516282 -0.65716282 -0.80396282 -0.70436282 -0.66246282 -0.65926282 
Mo Se W S W S 1.1811 1.1811 1.1811 1.181 1.1806 1.1803 1.1802 1.1802 1.1802 1.1802 1.1802 1.1802 1.1802 1.1803 1.1803 1.1804 1.1804 1.1804 1.16 1.0952 1.0952 1.1804 1.1803 1.18 1.1797 1.1801 1.1808 1.1811 1.1811 1.1811 -0.2278 -0.2734 -0.4226 -0.6465 -0.8516 -1.0237 -0.7701 -0.582 -0.4744 -0.4406 -0.4406 -0.3913 -0.327 -0.2825 -0.2457 -0.2026 -0.1469 -0.0822 -0.0249 0.0 0.0 -0.1097 -0.3421 -0.5252 -0.6465 -0.7719 -0.7094 -0.4856 -0.2891 -0.2278 
Mo Se W S W Te 1.19497289 1.15437289 1.10107289 1.08067289 0.95477289 0.92457289 0.23277289 0.23277289 0.23287289 0.23287289 0.23287289 0.23287289 0.23287289 0.23277289 0.23267289 0.23237289 0.21837289 0.03887289 0.23347289 0.23337289 0.23337289 0.23387289 0.23247289 0.23257289 0.23247289 0.23287289 0.23357289 0.23427289 0.23487289 0.23507289 0.23507289 0.23497289 0.23447289 0.23387289 0.23327289 0.23287289 -0.18772711 -0.03642711 0.03087289 0.04747289 0.04747289 -0.02642711 -0.17292711 -0.27942711 -0.31512711 -0.29512711 -0.23642711 -0.15722711 -0.08402711 -0.05232711 -0.05232711 0.07237289 -0.36842711 -0.39342711 -0.34292711 -0.52192711 -0.76632711 -0.58202711 -0.45382711 -0.40632711 
Mo Se W Se Mo Se 1.7894 1.7894 1.7895 1.7826 1.5607 1.5445 1.6632 1.6702 1.642 1.6376 1.6376 1.6456 1.6588 1.6521 1.6091 1.533 1.4357 1.3345 1.2528 1.2195 1.2195 1.3491 1.5611 1.4824 1.3152 1.385 1.6354 1.7895 1.7895 1.7894 -0.1143 -0.1447 -0.2529 -0.4653 -0.7557 -1.0285 -1.1614 -1.05 -0.9303 -0.8901 -0.8901 -0.7241 -0.5976 -0.4985 -0.4139 -0.3283 -0.2324 -0.1293 -0.0392 0.0 0.0 -0.1559 -0.4405 -0.6443 -0.7585 -0.7734 -0.5628 -0.3033 -0.1554 -0.1143 
Mo Se W Se Mo Te 1.1897 1.1898 1.1898 1.1896 1.1267 1.0953 1.0901 0.9787 0.9215 0.9049 0.9049 0.915 0.9313 0.9232 0.8738 0.7895 0.6846 0.5765 0.4891 0.4531 0.4531 0.5987 0.8896 1.0122 0.872 0.9664 1.1841 1.1898 1.1898 1.1897 -0.4605 -0.4887 -0.589 -0.8062 -0.8658 -0.5967 -0.3434 -0.1481 -0.035 0.0 0.0 -0.0441 -0.1337 -0.2044 -0.2356 -0.2321 -0.2021 -0.1569 -0.1137 -0.0945 -0.0945 -0.1776 -0.3349 -0.4063 -0.4425 -0.6377 -0.721 -0.6069 -0.4982 -0.4605 
Mo Se W Se W S 0.9128 0.9128 0.9127 0.9124 0.912 0.9117 0.9115 0.9115 0.9115 0.9116 0.9116 0.9116 0.9116 0.9116 0.9116 0.9116 0.9116 0.907 0.7564 0.6912 0.6912 0.9105 0.9115 0.9113 0.9111 0.9116 0.9122 0.9126 0.9128 0.9128 -0.2894 -0.3196 -0.4158 -0.5955 -0.856 -1.1202 -1.0988 -0.921 -0.8079 -0.7709 -0.7709 -0.6754 -0.5709 -0.4844 -0.4072 -0.3253 -0.2308 -0.128 -0.0386 0.0 0.0 -0.1543 -0.4379 -0.6328 -0.743 -0.8102 -0.6693 -0.4574 -0.3298 -0.2894 
Mo Se W Se W Te 1.1267 1.1268 1.1267 1.1266 1.0658 1.0358 1.0244 0.9121 0.8539 0.837 0.837 0.847 0.8632 0.8548 0.8051 0.7205 0.6154 0.5071 0.4196 0.3835 0.3835 0.5294 0.8212 0.9627 0.8231 0.9029 1.1214 1.1267 1.1268 1.1267 -0.4775 -0.491 -0.5989 -0.8273 -0.8433 -0.5763 -0.3436 -0.1847 -0.105 -0.0828 -0.0828 -0.1309 -0.2208 -0.278 -0.286 -0.2532 -0.1892 -0.1076 -0.0327 0.0 0.0 -0.1271 -0.3274 -0.3826 -0.3825 -0.5677 -0.7635 -0.6025 -0.4965 -0.4775 
Mo Se W Te Mo Se 1.8627 1.7458 1.5195 1.3048 1.102 1.0447 1.0586 0.9466 0.8887 0.8718 0.8718 0.8816 0.8976 0.8892 0.8396 0.7552 0.6503 0.5423 0.4549 0.4189 0.4189 0.5644 0.851 0.9349 0.8027 0.9266 1.1813 1.4311 1.7104 1.8627 -0.5273 -0.5299 -0.6223 -0.8277 -0.8442 -0.5776 -0.3452 -0.1864 -0.1066 -0.0843 -0.0843 -0.1324 -0.2221 -0.2788 -0.2863 -0.2531 -0.189 -0.1074 -0.0326 0.0 0.0 -0.1268 -0.3266 -0.3818 -0.3826 -0.5643 -0.7527 -0.5938 -0.5278 -0.5273 
Mo Se W Te Mo Te 1.6826 1.5768 1.3759 1.2803 1.1373 1.0714 0.9084 0.7723 0.6915 0.665 0.665 0.673 0.6815 0.6614 0.6027 0.5136 0.4069 0.2981 0.2099 0.1732 0.1732 0.3232 0.6345 0.8986 0.8365 0.9624 1.1663 1.296 1.5446 1.6826 -0.4257 -0.4426 -0.4877 -0.6155 -0.8406 -0.8414 -0.6139 -0.4332 -0.3151 -0.2749 -0.2749 -0.286 -0.3043 -0.31 -0.2943 -0.254 -0.1896 -0.1089 -0.0336 0.0 0.0 -0.1303 -0.3403 -0.4374 -0.4913 -0.6328 -0.6029 -0.4943 -0.4476 -0.4257 
Mo Se W Te W S 1.20043245 1.15883245 1.10383245 1.15023245 1.04593245 0.92993245 0.23573245 0.23573245 0.23583245 0.23593245 0.23593245 0.23593245 0.23583245 0.23583245 0.23573245 0.23543245 0.22373245 0.04573245 0.23643245 0.23643245 0.23643245 0.23693245 0.23553245 0.23553245 0.23553245 0.23593245 0.23663245 0.23723245 0.23783245 0.23793245 0.23793245 0.23783245 0.23743245 0.23683245 0.23623245 0.23593245 -0.18846755 -0.03706755 0.03023245 0.04683245 0.04683245 -0.02766755 -0.17526755 -0.28246755 -0.31816755 -0.29796755 -0.23916755 -0.15986755 -0.08676755 -0.05506755 -0.05506755 0.07933245 -0.37066755 -0.39516755 -0.34426755 -0.51996755 -0.74916755 -0.56126755 -0.44546755 -0.40686755 
Mo Te Mo S Mo Te 1.02451516 0.97901516 0.91001516 0.93401516 0.86391516 0.67241516 0.50941516 0.38771516 0.31371516 0.01881516 0.01881516 0.28411516 0.25901516 0.20121516 0.11121516 -0.00348484 1.32911516 1.42911516 1.41471516 1.39921516 1.39921516 1.41031516 1.10341516 0.45681516 0.55071516 0.67591516 0.85401516 0.86861516 0.96431516 1.02451516 -0.47528484 -0.50948484 -0.61108484 -0.77038484 -0.84248484 -0.58048484 -0.33148484 -0.13558484 -0.01848484 0.01731516 0.01731516 -0.01508484 -0.08248484 -0.13378484 -0.15388484 -0.14488484 -0.11168484 -0.06528484 -0.02098484 -0.00138484 -0.00138484 -0.08608484 0.13701516 -0.33128484 -0.38528484 -0.57568484 -0.63718484 -0.58918484 -0.51918484 -0.47528484 
Mo Te Mo S W S 0.75653157 0.69593157 0.59593157 0.39593157 0.33493157 0.38243157 0.25633157 0.18163157 0.02983157 0.00483157 0.00483157 0.04403157 0.12253157 0.08803157 0.01223157 0.06563157 0.04113157 0.01953157 0.00403157 -0.00096843 -0.00096843 -0.02226843 -0.01856843 0.03193157 -0.01386843 0.18163157 0.14683157 0.54063157 0.67663157 0.75453157 0.75453157 -0.65576843 -0.49506843 -0.48076843 -0.20516843 0.01033157 -0.18606843 -0.18636843 -0.06676843 -0.73606843 -0.73606843 -0.83436843 -1.01306843 -1.02546843 -1.04736843 -0.10326843 -0.02816843 -0.22716843 -0.34076843 -0.37656843 -0.37656843 -0.26396843 -0.25946843 -0.62886843 -0.52786843 -0.40836843 -0.37606843 -0.43666843 -0.61986843 -0.87286843 
Mo Te Mo S W Se 1.09704216 1.04524216 0.96304216 0.97854216 0.90004216 0.72024216 0.57724216 0.48074216 0.42884216 0.41314216 0.41314216 0.41694216 0.41214216 0.37134216 0.28794216 0.17184216 0.03694216 1.30944216 1.17794216 1.12384216 1.12384216 1.32734216 0.31134216 0.63414216 0.60044216 0.67984216 0.88864216 0.91524216 1.02854216 1.09704216 -0.48065784 -0.50975784 -0.60805784 -0.78625784 -0.70385784 -0.41935784 -0.15665784 0.03724216 0.14154216 0.17164216 0.17164216 0.10814216 -0.02575784 -0.13735784 -0.19305784 -0.20195784 -0.17805784 -0.09845784 -0.09475784 -0.07645784 -0.07645784 -0.06925784 -0.30575784 -0.35125784 -0.34565784 -0.53745784 -0.67765784 -0.57775784 -0.51925784 -0.48065784 
Mo Te Mo Se Mo Te 1.8641 1.7617 1.5712 1.4794 1.2856 1.1809 1.0905 0.9563 0.877 0.8511 0.8511 0.8588 0.8671 0.8473 0.789 0.7002 0.5937 0.485 0.3969 0.3603 0.3603 0.5096 0.8163 1.0378 0.9421 1.0892 1.3509 1.4925 1.7305 1.8641 -0.2392 -0.2745 -0.3959 -0.6159 -0.7909 -0.7265 -0.4868 -0.2912 -0.1679 -0.1267 -0.1267 -0.1396 -0.1633 -0.1784 -0.1771 -0.1566 -0.1178 -0.0674 -0.0207 0.0 0.0 -0.0887 -0.2589 -0.3653 -0.4482 -0.6109 -0.5894 -0.4438 -0.2867 -0.2392 
Mo Te Mo Se W S 1.21572465 1.17392465 1.11632465 1.10152465 0.97482465 0.92982465 0.88212465 0.24752465 0.24762465 0.24772465 0.24772465 0.24772465 0.24772465 0.24762465 0.24752465 0.24732465 0.23862465 0.06302465 -0.08797535 -0.15117535 -0.15117535 0.09672465 0.24732465 0.24732465 0.24732465 0.24772465 0.24842465 0.24912465 0.24962465 0.24972465 0.24972465 0.24962465 0.24922465 0.24862465 0.24812465 0.24772465 0.24752465 -0.07887535 0.02472465 0.05452465 0.05452465 -0.01027535 -0.14697535 -0.26077535 -0.31757535 -0.32667535 -0.30277535 -0.26077535 -0.21947535 -0.20107535 -0.20107535 -0.28127535 -0.43007535 -0.47437535 -0.46617535 -0.65507535 -0.78527535 -0.67847535 -0.65107535 -0.65937535 
Mo Te Mo Se W Se 1.214 1.214 1.2141 1.2139 1.1485 1.0723 1.1242 1.0142 0.9579 0.9417 0.9417 0.9513 0.9668 0.9585 0.9093 0.8255 0.721 0.6133 0.5263 0.4904 0.4904 0.6347 0.9141 0.9359 0.8126 0.9616 1.2137 1.2141 1.214 1.214 -0.4553 -0.4903 -0.6048 -0.8194 -0.8656 -0.5966 -0.3435 -0.1482 -0.0351 0.0 0.0 -0.044 -0.1334 -0.2038 -0.2348 -0.2312 -0.2013 -0.1561 -0.1129 -0.0938 -0.0938 -0.1768 -0.3339 -0.4054 -0.4418 -0.6356 -0.711 -0.6127 -0.5021 -0.4553 
Mo Te Mo Te Mo Te 2.9738 2.789 2.4143 1.8531 1.4507 1.2832 1.3002 1.4149 1.3731 1.3426 1.3426 1.3579 1.3615 1.3488 1.316 1.2615 1.1905 1.1147 1.0529 1.0297 1.0297 1.116 1.2296 1.0932 1.0214 1.2321 1.6485 2.2503 2.7396 2.9738 -0.1087 -0.1257 -0.197 -0.366 -0.6157 -0.8337 -0.7051 -0.5041 -0.3676 -0.3192 -0.3192 -0.2985 -0.2652 -0.2372 -0.2094 -0.1739 -0.127 -0.0721 -0.0222 0.0 0.0 -0.0958 -0.2831 -0.4227 -0.5253 -0.5665 -0.3609 -0.2306 -0.132 -0.1087 
Mo Te Mo Te W S 1.23354743 1.19444743 1.14374743 1.19484743 1.12094743 0.98444743 0.88934743 0.31854743 0.31864743 0.02984743 0.02984743 0.31874743 0.31864743 0.31844743 0.31784743 0.30534743 0.14284743 0.31954743 0.31944743 0.31934743 0.31934743 0.31964743 0.31734743 0.31824743 0.31834743 0.31884743 0.31954743 0.32054743 0.32164743 0.32204743 0.32204743 0.32174743 0.32084743 0.31994743 0.31914743 0.31874743 0.31854743 -0.13065257 -0.00905257 -0.02665257 -0.02665257 -0.00565257 -0.07755257 -0.13305257 -0.15455257 -0.14545257 -0.11275257 -0.02955257 -0.02305257 -0.00375257 -0.00375257 0.00554743 -0.25245257 -0.33825257 -0.38125257 -0.54035257 -0.50615257 -0.44795257 -0.51875257 -0.51655257 
Mo Te Mo Te W Se 1.1833 1.1833 1.1832 1.1828 1.182 1.1813 1.1811 1.1813 1.1815 1.1816 1.1816 1.1816 1.1815 1.1813 1.1751 1.0492 0.8938 0.7367 0.608 0.5538 0.5538 0.7669 1.1678 1.0637 0.9665 1.1788 1.1825 1.1831 1.1833 1.1833 -0.2676 -0.3031 -0.4115 -0.5262 -0.7494 -0.7351 -0.4908 -0.2899 -0.162 -0.119 -0.119 -0.1338 -0.1608 -0.1776 -0.1762 -0.1552 -0.1164 -0.0665 -0.0204 0.0 0.0 -0.0889 -0.2625 -0.3723 -0.4484 -0.5799 -0.4832 -0.4037 -0.3154 -0.2676 
Mo Te Mo Te W Te 2.001 2.001 2.001 1.7256 1.3335 1.1734 1.192 1.3034 1.2367 1.2045 1.2045 1.2174 1.2247 1.2169 1.1853 1.1291 1.0556 0.9773 0.9134 0.8885 0.8885 0.9833 1.1209 0.9985 0.9215 1.1259 1.5298 2.001 2.001 2.001 -0.2534 -0.2695 -0.3368 -0.4934 -0.7336 -0.9665 -0.845 -0.6517 -0.5192 -0.4723 -0.4723 -0.4487 -0.409 -0.3703 -0.3269 -0.2714 -0.1995 -0.1147 -0.0358 0.0 0.0 -0.1371 -0.3559 -0.4809 -0.5673 -0.6545 -0.5123 -0.3661 -0.2755 -0.2534 
Mo Te W S W Te 1.21073843 1.17393843 1.12843843 1.18093843 1.09923843 0.96253843 0.86723843 0.30243843 0.30263843 0.30273843 0.30273843 0.30273843 0.30263843 0.30233843 0.30173843 0.28443843 0.11903843 0.30353843 0.30333843 0.10673843 0.10673843 0.30353843 0.30123843 0.30223843 0.30233843 0.30273843 0.30353843 0.30453843 0.30573843 0.30633843 0.30633843 0.30593843 0.30493843 0.30383843 0.30313843 0.30263843 0.30243843 -0.14786157 -0.06396157 -0.02936157 -0.02936157 -0.06456157 -0.13456157 -0.18776157 -0.18696157 -0.15026157 -0.08456157 -0.00196157 0.07363843 -0.05856157 -0.05856157 -0.01486157 -0.22466157 -0.29016157 -0.30666157 -0.49306157 -0.69296157 -0.57666157 -0.48786157 -0.47436157 
Mo Te W Se Mo Te 1.214 1.214 1.2138 1.2134 1.2126 1.2118 1.2116 1.2118 1.2121 1.2122 1.2122 1.2122 1.2121 1.2119 1.2061 1.0811 0.9258 0.7688 0.6403 0.5861 0.5861 0.7982 1.1923 1.1713 1.056 1.209 1.2131 1.2137 1.214 1.214 -0.18 -0.2193 -0.3517 -0.5913 -0.8075 -0.7144 -0.474 -0.2785 -0.1558 -0.115 -0.115 -0.1298 -0.1573 -0.1753 -0.1755 -0.1557 -0.1173 -0.0671 -0.0205 0.0 0.0 -0.0885 -0.2582 -0.3629 -0.4434 -0.6105 -0.6145 -0.4062 -0.2329 -0.18 
Mo Te W Se W Se 1.1896 1.1897 1.1898 1.1896 1.189 1.1859 1.1884 1.1885 1.1886 1.1886 1.1886 1.1886 1.1887 1.1887 1.1888 1.1887 1.0846 0.9221 0.7895 0.7345 0.7345 0.9446 1.1884 1.0373 0.8984 1.1046 1.1894 1.1897 1.1897 1.1896 -0.4149 -0.4496 -0.5657 -0.7929 -0.8663 -0.5972 -0.3439 -0.1484 -0.0351 0.0 0.0 -0.044 -0.1335 -0.204 -0.2351 -0.2314 -0.2014 -0.1562 -0.1129 -0.0937 -0.0937 -0.1769 -0.3342 -0.4058 -0.4421 -0.6369 -0.7167 -0.5938 -0.4613 -0.4149 
Mo Te W Se W Te 1.0384 1.0384 1.0382 1.0377 1.037 1.0362 1.0361 1.0362 1.0365 1.0366 1.0366 1.0366 1.0365 1.0362 1.0266 0.8975 0.7423 0.5856 0.4573 0.4032 0.4032 0.6153 1.0155 1.0239 0.9126 1.0351 1.0374 1.0381 1.0384 1.0384 -0.3378 -0.3768 -0.5086 -0.7241 -0.9026 -0.8328 -0.6082 -0.4419 -0.3396 -0.2985 -0.2985 -0.312 -0.3369 -0.3396 -0.3153 -0.2674 -0.197 -0.1121 -0.0344 0.0 0.0 -0.1327 -0.3434 -0.4359 -0.49 -0.656 -0.7395 -0.5619 -0.3902 -0.3378 
Mo Te W Te Mo Te 2.0024 2.0024 2.0023 1.7534 1.3714 1.2221 1.2493 1.3586 1.2506 1.2158 1.2158 1.2246 1.2416 1.2423 1.2105 1.1503 1.0723 0.99 0.9226 0.8947 0.8947 1.0034 1.1713 1.0522 0.9666 1.1691 1.5657 2.0022 2.0024 2.0024 -0.1832 -0.2016 -0.2775 -0.4533 -0.7139 -0.957 -0.8386 -0.6478 -0.5195 -0.4744 -0.4744 -0.447 -0.4016 -0.3602 -0.3171 -0.2634 -0.194 -0.1119 -0.0351 0.0 0.0 -0.1353 -0.354 -0.4816 -0.567 -0.6449 -0.5135 -0.3128 -0.2085 -0.1832 
Mo Te W Te W S 1.19143286 1.15243286 1.10143286 1.15223286 1.07983286 0.94263286 0.84653286 0.27703286 0.27713286 0.27733286 0.27733286 0.27723286 0.27713286 0.27693286 0.27633286 0.26103286 0.09683286 0.27803286 0.27793286 0.09813286 0.09813286 0.27813286 0.27583286 0.27673286 0.27693286 0.27733286 0.27803286 0.27913286 0.28013286 0.28063286 0.28063286 0.28023286 0.27943286 0.27843286 0.27763286 0.27723286 0.27703286 -0.14686714 -0.04216714 -0.00726714 -0.00726714 -0.04186714 -0.10976714 -0.15786714 -0.16836714 -0.14196714 -0.08416714 -0.00676714 0.06593286 -0.06086714 -0.06086714 -0.02606714 -0.22846714 -0.29816714 -0.31206714 -0.47686714 -0.53206714 -0.45646714 -0.47206714 -0.48936714 
Mo Te W Te W Se 1.0347 1.0347 1.0347 1.0342 1.0335 1.0328 1.0326 1.0327 1.0329 1.0331 1.0331 1.033 1.033 1.0326 1.0229 0.8935 0.738 0.5811 0.4525 0.3982 0.3982 0.6115 1.0187 1.0198 0.9123 1.0323 1.0339 1.0346 1.0347 1.0347 -0.3785 -0.41 -0.4895 -0.6208 -0.8453 -0.8342 -0.6067 -0.4274 -0.3104 -0.2705 -0.2705 -0.2826 -0.3028 -0.3098 -0.2947 -0.2544 -0.1897 -0.1089 -0.0336 0.0 0.0 -0.1303 -0.3402 -0.4362 -0.4885 -0.6317 -0.6059 -0.4992 -0.4203 -0.3785 
Mo Te W Te W Te 1.9695 1.9695 1.9695 1.741 1.3687 1.2226 1.2438 1.3256 1.2171 1.182 1.182 1.1909 1.208 1.2092 1.178 1.1178 1.0392 0.9563 0.8885 0.8605 0.8605 0.9709 1.1565 1.0632 0.9745 1.1736 1.5608 1.9694 1.9695 1.9695 -0.2111 -0.2299 -0.3067 -0.4811 -0.738 -0.9831 -0.8699 -0.6867 -0.562 -0.5177 -0.5177 -0.4881 -0.4349 -0.3836 -0.3327 -0.2731 -0.1995 -0.1147 -0.036 0.0 0.0 -0.1408 -0.3679 -0.4989 -0.5829 -0.6636 -0.5422 -0.3425 -0.2368 -0.2111 
W S Mo S W S 1.6407 1.6407 1.6408 1.6407 1.6404 1.6402 1.64 1.64 1.6399 1.6399 1.6399 1.64 1.64 1.6401 1.6401 1.6402 1.583 1.4508 1.3449 1.3019 1.3019 1.4689 1.6401 1.6397 1.5596 1.5867 1.6405 1.6408 1.6407 1.6407 0.0 -0.0418 -0.1835 -0.4457 -0.794 -1.1209 -1.2779 -1.206 -1.0473 -0.973 -0.973 -0.9096 -0.8026 -0.696 -0.5998 -0.5004 -0.3888 -0.2685 -0.1634 -0.1177 -0.1177 -0.3 -0.6374 -0.8842 -0.9896 -0.8949 -0.5787 -0.2491 -0.0564 0.0 
W S Mo Se W S 1.1852 1.1852 1.1852 1.185 1.1847 1.1844 1.1843 1.1843 1.1843 1.1843 1.1843 1.1843 1.1843 1.1844 1.1844 1.1845 1.1845 1.1845 1.1603 1.0953 1.0953 1.1845 1.1844 1.1841 1.1837 1.1842 1.1849 1.1852 1.1852 1.1852 -0.2711 -0.3072 -0.4275 -0.6262 -0.8446 -1.0268 -0.7732 -0.585 -0.4772 -0.4433 -0.4433 -0.3936 -0.3289 -0.284 -0.2466 -0.2032 -0.1472 -0.0824 -0.0249 0.0 0.0 -0.11 -0.3426 -0.526 -0.6477 -0.7709 -0.6977 -0.4806 -0.3198 -0.2711 
W S Mo Se W Se 0.9142 0.9142 0.9141 0.9138 0.9133 0.913 0.9129 0.9129 0.9129 0.9129 0.9129 0.9129 0.9129 0.913 0.913 0.913 0.9129 0.9088 0.7589 0.6938 0.6938 0.9119 0.9129 0.9127 0.9125 0.9129 0.9136 0.914 0.9142 0.9142 -0.3312 -0.3576 -0.4391 -0.6043 -0.8587 -1.1217 -1.1 -0.9279 -0.8164 -0.7794 -0.7794 -0.6832 -0.5733 -0.4846 -0.4071 -0.3253 -0.2308 -0.128 -0.0386 0.0 0.0 -0.1543 -0.438 -0.6329 -0.7431 -0.811 -0.6741 -0.4751 -0.3663 -0.3312 
W S Mo Te W S 0.22860724 0.22850724 0.22840724 0.22800724 0.22750724 0.22720724 0.22600724 0.22600724 0.22610724 0.22610724 0.22610724 0.22610724 0.22610724 0.22610724 0.22610724 0.22610724 0.22580724 0.16390724 0.00810724 -0.05569276 -0.05569276 0.19340724 0.22600724 0.22580724 0.22570724 0.22610724 0.22680724 0.22730724 0.22750724 0.22760724 0.22760724 0.22750724 0.22740724 0.22700724 0.22650724 0.22620724 -0.17389276 0.01640724 0.10870724 0.13260724 0.13260724 0.04640724 -0.13829276 -0.29759276 -0.38129276 -0.40279276 -0.38419276 -0.34449276 -0.30449276 -0.05659276 -0.05659276 -0.36479276 -0.50669276 -0.52349276 -0.46339276 -0.63439276 -0.82199276 -0.68119276 -0.61469276 -0.60169276 
W S W S W S 1.5646 1.5647 1.5648 1.5647 1.5645 1.5642 1.5641 1.5641 1.564 1.564 1.564 1.564 1.5641 1.5641 1.5642 1.5643 1.5643 1.5643 1.5643 1.5642 1.5642 1.5643 1.5642 1.5638 1.5627 1.5636 1.5646 1.5648 1.5647 1.5646 0.0 -0.0449 -0.1962 -0.4758 -0.846 -1.1835 -1.3585 -1.3218 -1.1781 -1.1103 -1.1103 -1.0099 -0.8719 -0.7581 -0.6587 -0.5581 -0.4467 -0.3277 -0.2238 -0.1784 -0.1784 -0.362 -0.7056 -0.9599 -1.0661 -0.9616 -0.6165 -0.2659 -0.0605 0.0 
W S W S W Se 0.9622 0.9622 0.9623 0.9621 0.9617 0.9615 0.9613 0.9613 0.9613 0.9613 0.9613 0.9613 0.9613 0.9614 0.9614 0.9615 0.9615 0.9615 0.9308 0.8662 0.8662 0.9615 0.9614 0.9611 0.9608 0.9612 0.9619 0.9622 0.9623 0.9622 -0.4285 -0.4688 -0.5871 -0.74 -0.9545 -1.1816 -0.9526 -0.7964 -0.7139 -0.6893 -0.6893 -0.6248 -0.5354 -0.4634 -0.3962 -0.3198 -0.2278 -0.1262 -0.0379 0.0 0.0 -0.152 -0.4327 -0.6147 -0.7119 -0.826 -0.7837 -0.6281 -0.4824 -0.4285 
W S W Se W Se 0.8924 0.8923 0.8922 0.8919 0.8915 0.8912 0.8911 0.891 0.8911 0.8911 0.8911 0.8911 0.8911 0.8911 0.8912 0.8912 0.8911 0.8849 0.7326 0.6675 0.6675 0.8898 0.8911 0.8909 0.8907 0.8911 0.8917 0.8922 0.8923 0.8924 -0.2685 -0.2966 -0.3905 -0.576 -0.8503 -1.1237 -1.1152 -0.95 -0.8573 -0.8284 -0.8284 -0.7109 -0.5838 -0.4891 -0.4082 -0.3246 -0.2297 -0.1273 -0.0385 0.0 0.0 -0.1555 -0.4441 -0.6443 -0.7543 -0.8116 -0.6546 -0.4326 -0.3063 -0.2685 
W S W Te W S 0.22953647 0.22943647 0.22923647 0.22883647 0.22833647 0.22803647 0.22783647 0.22783647 0.22793647 0.22793647 0.22793647 0.22793647 0.22793647 0.22793647 0.22793647 0.22793647 0.22763647 0.15623647 0.00083647 -0.06366353 -0.06366353 0.18633647 0.22783647 0.22763647 0.22753647 0.22793647 0.22863647 0.22913647 0.22943647 0.22943647 0.22943647 0.22943647 -0.56436353 -0.90506353 -0.61426353 -0.31546353 -0.07196353 0.07013647 0.12393647 0.13483647 0.13483647 0.03543647 -0.16636353 -0.32266353 -0.38626353 -0.37846353 -0.32446353 -0.24696353 -0.17516353 -0.06386353 -0.06386353 -0.26576353 -0.45136353 -0.44666353 -0.34056353 -0.49536353 -0.75936353 -0.53216353 -0.37576353 -0.31806353 
W S W Te W Te 0.29090036 0.29040036 0.28940036 0.28840036 0.28780036 0.28740036 0.28720036 0.28720036 0.28740036 0.28740036 0.28740036 0.28740036 0.28740036 0.28720036 0.28680036 0.28390036 0.14260036 -0.04949964 -0.20549964 -0.27119964 -0.27119964 -0.01199964 0.28630036 0.28690036 0.28700036 0.28750036 0.28810036 -0.06099964 0.13460036 0.17060036 0.17060036 0.14500036 0.00090036 -0.37849964 -0.89759964 -1.32119964 -1.40689964 -1.07489964 -0.84509964 -0.76289964 -0.76289964 -0.77709964 -0.80399964 -0.82129964 -0.81759964 -0.78649964 -0.72409964 -0.63379964 -0.53709964 -0.48849964 -0.48849964 -0.67809964 -0.93199964 -1.02229964 -1.10139964 -0.84319964 -0.45799964 -0.78539964 -0.53499964 -0.45259964 
W Se Mo S W Se 1.6137 1.5582 1.4642 1.4016 1.2796 1.2054 1.087 1.022 0.9982 0.994 0.994 1.0019 1.0092 0.9831 0.9089 0.7955 0.6596 0.5217 0.4109 0.3653 0.3653 0.5488 0.9188 1.1837 1.026 1.068 1.2785 1.4104 1.5401 1.6137 -0.3195 -0.3534 -0.4583 -0.6242 -0.8603 -1.1209 -1.1103 -0.9467 -0.8552 -0.8266 -0.8266 -0.7067 -0.5812 -0.489 -0.4101 -0.3273 -0.2321 -0.1287 -0.0388 0.0 0.0 -0.155 -0.439 -0.6342 -0.7451 -0.8121 -0.6865 -0.5014 -0.3649 -0.3195 
W Se Mo Se W Se 1.7859 1.7859 1.786 1.7851 1.5657 1.5446 1.6589 1.6654 1.6373 1.633 1.633 1.6408 1.6534 1.6464 1.6036 1.5277 1.4305 1.3293 1.2478 1.2145 1.2145 1.3436 1.5528 1.4723 1.3096 1.3851 1.642 1.786 1.7859 1.7859 -0.1322 -0.1632 -0.2718 -0.4809 -0.7641 -1.0325 -1.1628 -1.0552 -0.9358 -0.8958 -0.8958 -0.7292 -0.5995 -0.4994 -0.4147 -0.329 -0.233 -0.1297 -0.0393 0.0 0.0 -0.1564 -0.4417 -0.6456 -0.7597 -0.7755 -0.5789 -0.3226 -0.1741 -0.1322 
W Se Mo Se W Te 1.1441 1.1441 1.1442 1.1441 1.0933 1.0461 1.0534 0.9421 0.8848 0.8682 0.8682 0.8778 0.8934 0.885 0.8357 0.7515 0.6467 0.5388 0.4515 0.4156 0.4156 0.5605 0.8463 0.9444 0.8136 0.9208 1.1438 1.1442 1.1442 1.1441 -0.5182 -0.5255 -0.6313 -0.8477 -0.8423 -0.5755 -0.343 -0.1843 -0.1047 -0.0826 -0.0826 -0.1306 -0.2204 -0.2775 -0.2857 -0.253 -0.1891 -0.1075 -0.0327 0.0 0.0 -0.1269 -0.3269 -0.382 -0.3822 -0.5671 -0.7617 -0.6136 -0.5282 -0.5182 
W Se Mo Te W Se 1.191 1.1911 1.1911 1.191 1.1904 1.1612 1.1896 1.1898 1.1899 1.19 1.19 1.19 1.19 1.1901 1.1902 1.1901 1.0916 0.9284 0.7961 0.7411 0.7411 0.9526 1.1897 1.0003 0.8639 1.0811 1.1908 1.1911 1.1911 1.191 -0.513 -0.5417 -0.5955 -0.806 -0.8655 -0.596 -0.3425 -0.1474 -0.0348 0.0 0.0 -0.0453 -0.1376 -0.2103 -0.2422 -0.2387 -0.2087 -0.1634 -0.1202 -0.1011 -0.1011 -0.1841 -0.3409 -0.4111 -0.4453 -0.6376 -0.7062 -0.5893 -0.5455 -0.513 
W Se W S W Se 0.9176 0.9176 0.9174 0.9171 0.9166 0.9163 0.9162 0.9162 0.9162 0.9162 0.9162 0.9162 0.9163 0.9163 0.9163 0.9163 0.9162 0.9077 0.7539 0.6888 0.6888 0.9147 0.9162 0.916 0.9158 0.9162 0.9169 0.9173 0.9176 0.9176 -0.2434 -0.2881 -0.4255 -0.626 -0.8632 -1.1232 -1.106 -0.9427 -0.8514 -0.823 -0.823 -0.705 -0.5803 -0.4885 -0.4099 -0.3271 -0.2319 -0.1286 -0.0388 0.0 0.0 -0.1548 -0.4388 -0.6335 -0.7439 -0.8122 -0.6898 -0.4802 -0.3033 -0.2434 
W Se W Se W Se 1.7712 1.7712 1.7713 1.7714 1.7525 1.7681 1.7705 1.7705 1.7705 1.7704 1.7704 1.7705 1.7706 1.7707 1.7708 1.7708 1.7707 1.6959 1.5678 1.5149 1.5149 1.7027 1.7708 1.7265 1.525 1.5772 1.7713 1.7714 1.7712 1.7712 -0.136 -0.1641 -0.2651 -0.4687 -0.758 -1.0365 -1.189 -1.0898 -0.9896 -0.9573 -0.9573 -0.7597 -0.6115 -0.5046 -0.4163 -0.3288 -0.2322 -0.1292 -0.0393 0.0 0.0 -0.1579 -0.4479 -0.657 -0.771 -0.7785 -0.5649 -0.3131 -0.174 -0.136 
W Se W Se W Te 1.1209 1.121 1.1211 1.121 1.1204 1.1197 1.1197 1.1198 1.1199 1.1199 1.1199 1.1199 1.12 1.1201 1.1201 1.12 1.0119 0.8492 0.7168 0.6618 0.6618 0.8725 1.1197 1.1167 0.9814 1.0939 1.1207 1.1211 1.121 1.1209 -0.4688 -0.4893 -0.6011 -0.8309 -0.8417 -0.5744 -0.3414 -0.1823 -0.1025 -0.0802 -0.0802 -0.1287 -0.2192 -0.2771 -0.2856 -0.253 -0.1891 -0.1075 -0.0327 0.0 0.0 -0.1269 -0.327 -0.3818 -0.3813 -0.5667 -0.7652 -0.6052 -0.4961 -0.4688 
W Se W Te W Se 1.1288 1.1288 1.1289 1.1287 1.1282 1.1275 1.1275 1.1276 1.1276 1.1277 1.1277 1.1277 1.1278 1.1278 1.1279 1.1278 1.0191 0.8559 0.7235 0.6685 0.6685 0.8807 1.1275 1.118 0.965 1.1178 1.1285 1.1289 1.1288 1.1288 -0.524 -0.5161 -0.6068 -0.8224 -0.84 -0.5726 -0.3398 -0.1808 -0.1012 -0.079 -0.079 -0.128 -0.2195 -0.2778 -0.2861 -0.2532 -0.1891 -0.1074 -0.0326 0.0 0.0 -0.1269 -0.3268 -0.3813 -0.3802 -0.563 -0.7571 -0.5896 -0.5141 -0.524 
W Se W Te W Te 0.9981 0.9981 0.998 0.9975 0.9968 0.9961 0.9959 0.996 0.9962 0.9964 0.9964 0.9964 0.9963 0.9959 0.9838 0.8533 0.6981 0.5415 0.4131 0.359 0.359 0.5718 0.98 0.9951 0.9827 0.9957 0.9972 0.9979 0.9981 0.9981 -0.4073 -0.4359 -0.503 -0.6363 -0.8597 -0.8648 -0.6359 -0.4642 -0.3657 -0.335 -0.335 -0.3416 -0.3484 -0.3407 -0.3132 -0.2642 -0.1943 -0.1108 -0.0342 0.0 0.0 -0.1349 -0.354 -0.4542 -0.5029 -0.6402 -0.6329 -0.5137 -0.4447 -0.4073 
W Te Mo S W Te 0.97457145 0.92937145 0.86007145 0.88247145 0.81587145 0.62407145 0.46027145 0.33747145 0.26237145 0.23717145 0.23717145 0.23177145 0.20557145 0.14677145 0.05667145 -0.05772855 -0.09602855 -0.01302855 0.06067145 0.09377145 0.09377145 -0.03272855 0.08257145 0.40197145 0.50267145 0.63077145 0.80387145 0.81857145 0.91457145 0.97457145 -0.48872855 -0.49272855 -0.60982855 -0.74472855 -0.83822855 -0.57862855 -0.34872855 -0.18642855 -0.10102855 -0.07612855 -0.07612855 -0.11042855 -0.17122855 -0.20502855 -0.20072855 -0.16242855 -0.09732855 -0.01482855 -0.41722855 -0.46002855 -0.46002855 -0.03462855 -0.23732855 -0.30672855 -0.32892855 -0.51082855 -0.68462855 -0.58532855 -0.49712855 -0.48872855 
W Te Mo Se W Te 1.6866 1.5844 1.3938 1.3037 1.1425 1.0645 0.9144 0.7798 0.7 0.6739 0.6739 0.6815 0.6896 0.6698 0.6115 0.5228 0.4163 0.3079 0.2199 0.1833 0.1833 0.3326 0.6409 0.9032 0.8234 0.9531 1.1809 1.3153 1.5533 1.6866 -0.3776 -0.4113 -0.5306 -0.7093 -0.8836 -0.8488 -0.6247 -0.458 -0.3634 -0.3341 -0.3341 -0.3416 -0.3501 -0.3441 -0.3181 -0.2695 -0.1984 -0.1129 -0.0347 0.0 0.0 -0.1337 -0.3456 -0.4401 -0.4965 -0.6551 -0.71 -0.5771 -0.4232 -0.3776 
W Te Mo Te W Te 1.9922 1.9923 1.9922 1.7635 1.3821 1.2291 1.2494 1.3422 1.2351 1.2004 1.2004 1.2089 1.2253 1.2263 1.1953 1.1354 1.0573 0.9748 0.9073 0.8795 0.8795 0.9878 1.1566 1.0447 0.9648 1.1729 1.5733 1.9922 1.9923 1.9922 -0.2119 -0.2313 -0.3099 -0.4818 -0.7298 -0.965 -0.8533 -0.6638 -0.5365 -0.4918 -0.4918 -0.4626 -0.4135 -0.3688 -0.3236 -0.2684 -0.1976 -0.114 -0.0357 0.0 0.0 -0.1376 -0.3589 -0.4875 -0.5756 -0.651 -0.4954 -0.3469 -0.2384 -0.2119 
W Te W S W Te 1.15067253 1.11437253 1.06947253 1.12207253 1.03937253 0.90257253 0.80677253 0.24497253 0.24517253 0.24527253 0.24527253 0.24527253 0.24517253 0.24487253 0.24427253 0.22357253 0.05717253 0.24607253 0.01487253 0.04567253 0.04567253 -0.07332747 0.24367253 0.24477253 0.24487253 0.24527253 0.24607253 0.24707253 0.24837253 0.24887253 0.24887253 0.24847253 0.24747253 0.24637253 0.24567253 0.24517253 0.24497253 -0.21572747 -0.13142747 -0.10712747 -0.10712747 -0.14412747 -0.21072747 -0.24902747 -0.24702747 -0.20972747 -0.14372747 -0.06092747 0.01247253 -0.31182747 -0.31182747 -0.08222747 -0.28432747 -0.35112747 -0.36942747 -0.55342747 -0.74382747 -0.63652747 -0.53442747 -0.50992747 
W Te W Te W Te 1.9593 1.9593 1.9593 1.833 1.4811 1.3683 1.4376 1.6055 1.6602 1.6534 1.6534 1.6601 1.6457 1.6067 1.5358 1.4328 1.3052 1.1686 1.0521 1.0028 1.0028 1.1773 1.3759 1.1779 1.0732 1.277 1.6577 1.9593 1.9593 1.9593 -0.2134 -0.233 -0.3119 -0.4869 -0.7432 -0.9893 -0.8847 -0.7082 -0.5982 -0.5616 -0.5616 -0.5164 -0.4477 -0.3903 -0.3365 -0.2753 -0.2008 -0.1155 -0.0363 0.0 0.0 -0.1429 -0.3736 -0.507 -0.591 -0.6711 -0.5511 -0.3487 -0.2401 -0.2134 
